Computing time
0.968933
0.832081
1.232862
1.108885
1.399040
2.585888
1.008272
0.800133
1.375914
1.785040
1.359224
3.751040
2.825022
4.574776
3.659010
3.179073
4.316092
5.959034
7.009029
8.730888
10.108948
11.198759
13.450861
13.119936
14.328003
15.245676
19.544840
17.550230
15.109301
19.441843
19.801855
17.778158
24.535179
21.210194
21.271944
28.125048
20.653009
22.542953
26.069164
27.408838
29.014111
29.507875
30.092001
36.152124
51.560163
60.131788
50.933838
48.646927
55.876970
43.692827
47.843933
50.030947
50.331116
53.518057
65.065145
100.309134
68.208933
60.791731
154.238939
114.181757
101.655960
73.949099
80.827951
99.363089
76.539040
82.797050
95.381975
116.334915
116.312027
114.502907
175.381184
157.977104
221.127987
204.230070
218.238831
198.032856
160.972118
148.871899
141.380072
174.356937
155.600786
204.395771
226.385117
212.160110
277.479172
301.126957
213.950157
187.988043
215.800047
215.924025
213.429928
209.177256
335.094929
230.100870
216.084957
224.955082
211.778164
222.065926
227.828026
255.633831
256.972075
244.683981
262.253046
246.470213
262.017012
256.205082
345.373154
346.166611
335.388184
325.285912
394.111156
354.286194
330.756903
324.512959
329.159975
362.876892
333.616018
345.200062
357.342958
352.754116
379.854202
444.201946
455.887079
431.442976
384.925365
458.050013
451.303244
423.596144
457.058907
464.822769
441.721201
461.949110
488.525152
416.814089
436.583042
473.067999
489.192963
499.124050
476.706028
560.646057
547.122955
529.136181
527.509928
525.818110
542.688131
531.532049
591.399908
614.969015
643.450022
671.137810
758.294106
640.357018
628.906012
673.171997
686.867952
615.575075
651.787996
618.883133
628.039837
670.038223
670.675993
669.671059
683.006048
689.979792
734.934092
701.411009
750.105858
740.517139
725.003004
784.518003
732.748985
769.639015
949.995995
872.028112
890.058041
777.462006
801.447868
795.433283
788.074017
795.228243
789.411783
795.631170
824.943781
869.066000
847.535849
854.030848
809.970140
864.380836
919.261217
851.946115
869.971037
978.241205
977.879047
901.869059
958.183050
910.395861
920.463085
947.146893
987.694740
946.073055
1114.428997
973.371744
1046.249866
1010.026932
940.492868
1121.274233
1099.538088
1068.284750
1015.686274
1041.755915
1011.039972
1007.807016
1075.875044
1108.494043
1145.633698
1065.460205
1068.634748
1084.924936
1033.020735
1023.597240
1096.149921
1069.490194
1193.720102
1252.089739
1100.993156
1085.866928
1011.847973
1062.755108
1064.419746
1083.737135
1116.405010
1126.487255
1208.894014
1221.662760
1214.291811
1196.918964
1147.352219
1097.716808
1088.887691
1148.952723
1161.726952
1122.694731
1188.522100
1138.048887
1137.512207
1175.802946
1162.886143
1183.269978
1162.377834
1174.921036
