Computing time
0.149012
0.233889
0.393152
0.511169
1.471043
1.284838
2.492189
3.549099
2.641201
3.528118
3.074169
4.495859
4.884005
6.958961
7.563114
9.454727
11.245251
10.195971
9.997129
12.933016
12.670279
13.298750
14.729977
16.198158
17.240047
17.851353
19.908190
20.513058
21.562815
23.526192
25.254965
25.978088
27.422905
30.054092
34.423113
37.384987
35.850048
37.666082
40.154934
43.571949
43.744087
46.910048
49.035072
49.032927
51.038980
56.303263
72.184801
60.240030
69.900990
71.266890
67.285061
80.091238
94.041109
81.230879
83.449125
83.729744
86.359024
89.632988
95.162868
104.230165
107.182026
101.258039
110.741138
112.127066
115.126133
118.063211
121.094704
121.416092
125.321150
131.364822
133.062840
131.284952
135.489941
139.327049
150.392771
157.789946
155.028820
154.618740
191.442251
179.219007
165.314674
171.087980
172.657013
175.209045
187.891245
184.669971
191.670895
194.935083
198.580265
203.413010
222.492933
223.083973
215.231180
225.196123
226.276875
231.878042
237.229109
250.420809
247.424841
253.189087
