Computing time
0.214100
0.288963
0.369787
0.762224
1.172304
1.726389
2.379894
3.446817
4.540920
4.422903
4.574060
4.606962
5.422115
6.572008
5.859137
10.212183
7.410049
9.742022
9.111881
12.421846
12.473106
15.614033
14.837980
16.286850
16.727924
18.676996
20.589828
21.128893
23.090839
25.249004
27.510166
29.408216
32.243013
41.913748
44.026852
41.808128
45.439959
45.534134
45.416832
47.451258
66.140890
65.391779
55.769920
57.370186
67.463160
66.472769
67.238092
81.894159
74.433804
69.325924
69.628954
80.443144
86.202860
91.809034
94.350100
103.173018
105.768919
98.704815
111.537933
132.114887
168.824673
133.540154
108.868837
116.075039
119.985104
136.630058
139.392138
162.228107
122.556210
125.319004
142.826080
165.056944
142.479181
141.091108
182.487011
182.121992
173.269987
155.870914
159.031153
165.579796
172.400951
176.383972
181.097031
181.620836
188.798189
195.382833
204.087734
208.865881
216.346979
222.656012
227.782011
231.477976
232.636929
245.091915
246.769905
257.624865
258.540869
253.020287
257.934093
274.981976
