Computing time
0.178
0.173
0.763
0.298
0.291
0.436
1.401
0.559
2.526
2.154
2.050
2.425
2.091
2.147
2.763
3.203
3.984
4.892
5.706
6.780
7.272
9.844
10.455
9.704
10.986
11.975
13.258
14.288
15.827
17.755
19.484
20.566
22.847
23.875
24.705
28.456
28.372
30.508
31.798
34.235
36.159
39.270
43.783
43.092
52.915
52.329
52.332
53.680
52.772
58.290
61.870
61.811
59.560
65.918
68.537
74.720
72.873
77.719
80.612
91.540
86.346
87.125
94.400
90.419
94.218
100.712
102.060
105.734
106.630
115.679
118.465
120.060
123.333
125.547
133.370
135.938
146.012
145.954
149.177
152.499
155.432
179.381
180.110
169.908
244.899
205.891
211.549
225.365
189.247
194.757
205.413
202.997
210.190
226.414
223.697
244.207
290.106
251.798
245.824
245.405
250.211
252.641
259.874
263.427
270.978
284.816
279.746
284.636
289.037
296.945
300.311
306.223
313.029
318.509
325.368
331.520
334.544
342.779
352.010
353.191
382.465
369.251
378.692
391.386
397.001
398.921
398.115
427.521
417.802
421.019
430.663
435.019
455.297
452.880
457.636
467.148
471.614
481.002
486.999
494.897
505.035
525.631
527.652
527.120
533.676
542.648
553.415
558.841
571.548
577.048
587.257
592.462
603.856
609.921
620.554
626.365
635.188
665.398
654.352
660.855
670.343
677.492
722.770
715.921
711.801
712.361
730.500
728.374
740.903
750.546
779.178
786.828
801.446
799.996
819.486
826.429
834.100
851.126
853.094
860.420
877.005
888.145
897.452
908.020
916.033
932.480
946.110
953.132
961.599
969.149
985.534
1008.463
1020.105
1014.327
1030.624
1041.933
1050.714
1067.928
1077.982
1088.529
1117.200
1131.409
1144.887
1137.732
1141.831
1156.991
1183.550
1177.265
1212.721
1203.920
1220.963
1234.252
1238.631
1252.036
1276.816
1273.774
1297.379
1296.043
1331.089
1346.879
1372.472
1350.357
1361.362
1447.709
1412.074
1406.651
1414.597
1434.563
1461.838
1466.390
1469.412
1489.523
1509.482
1519.657
1522.758
1551.677
1546.551
1567.108
1583.474
1591.166
1608.002
1633.615
1644.128
1663.384
1932.371
1758.938
1724.229
1735.558
1765.670
1925.440
1770.912
1781.331
1797.594
1815.846
1806.732
1820.481
1832.963
1993.381
1888.689
1873.843
1890.932
1913.209
1942.475
1950.539
1957.959
1974.711
1996.984
1995.640
2021.437
2024.669
2052.614
2104.452
2088.283
2096.936
2104.718
2141.347
2144.917
2152.026
2169.331
2175.639
2215.111
2219.305
2230.399
2258.125
2310.503
2284.294
2296.805
2311.133
2366.231
2362.558
2351.361
2377.839
2402.290
2406.391
2412.711
2455.077
2486.163
2505.560
2480.890
2522.855
2523.874
2568.331
2611.845
2576.807
2588.014
2596.701
2638.068
2646.821
2657.628
2672.979
2689.196
2707.293
2698.771
2784.787
2749.048
2760.863
2805.311
2827.426
2805.117
2829.946
2853.271
2851.992
2869.227
2893.477
2912.566
2910.768
2989.380
2954.700
2960.279
2981.226
2996.577
3003.221
3030.088
3157.703
3613.661
4052.691
3539.923
3449.060
3720.163
3471.057
3509.592
3983.466
3367.163
3365.645
3515.488
3343.539
3365.546
3361.026
3414.243
3399.994
3323.025
3357.109
3358.174
3361.984
3410.081
3441.943
3434.850
3448.705
3449.725
3494.111
3493.849
3497.375
3525.776
3534.244
3560.759
3553.949
3566.912
3627.144
3619.429
3641.376
3656.629
3657.114
3697.824
3695.842
3752.261
3742.253
3728.198
3772.831
3775.516
3874.273
3894.793
3998.479
4000.770
4123.253
4166.480
4101.987
4081.745
5242.966
4082.072
3991.413
3967.236
4010.902
4003.861
4030.179
4030.686
4078.272
4051.924
4082.734
4116.770
4121.393
