Computing time
0.097990
0.159979
0.496149
2.161980
1.604080
0.902891
2.507925
3.369808
2.830982
5.897045
3.664017
5.585909
4.935980
6.435156
10.405064
11.947155
10.879993
16.532183
18.797159
15.258789
14.595985
15.003920
16.446829
20.900726
20.045042
21.102905
26.551723
27.890205
22.236824
25.055885
25.341988
27.668953
30.215979
33.020973
43.985844
58.724165
55.866957
41.996956
40.989161
41.019201
44.170141
52.409887
48.624992
50.597906
53.576946
55.452824
63.652039
59.721947
63.359022
62.783957
68.608999
69.021940
73.371172
74.620008
75.896978
79.736233
83.676815
85.902929
89.466095
103.412867
93.392849
97.311020
126.750946
126.171112
111.768007
114.141941
130.820990
140.980959
142.107248
141.718149
148.078680
148.614168
165.007830
175.261021
177.773952
223.650694
216.162205
213.242054
218.348026
222.595930
230.643988
234.456062
240.709066
246.414900
251.567125
259.263992
266.143084
269.367933
276.249170
284.054995
277.817011
282.653809
279.502869
276.986122
282.240152
288.466930
293.347836
326.894045
305.685997
314.623833
