Computing time
0.262
0.526
0.435
0.452
0.423
0.436
0.463
0.491
0.533
0.471
0.470
0.709
0.500
0.493
0.474
0.351
0.401
0.333
0.532
0.433
0.449
0.432
0.401
0.342
0.465
0.419
0.551
0.477
0.369
0.400
0.290
0.354
0.287
0.463
0.404
0.466
0.453
0.381
0.269
0.383
0.330
0.386
0.269
0.399
0.452
0.340
0.365
0.390
0.404
0.401
0.263
0.431
0.413
0.620
0.398
0.419
0.478
0.587
0.412
0.262
0.369
0.618
0.384
0.332
0.523
0.262
0.447
0.381
0.422
0.380
0.435
0.292
0.495
0.538
0.600
0.375
0.390
0.406
0.607
0.536
0.382
0.300
0.300
0.542
0.505
0.310
0.353
0.572
0.417
0.554
0.313
0.311
0.357
0.518
0.554
0.444
0.301
0.521
0.548
0.433
0.525
0.358
0.436
0.355
0.283
0.488
0.456
0.284
0.283
0.520
0.318
0.535
0.292
0.295
0.292
0.326
0.511
0.293
0.292
0.590
0.518
0.293
0.300
0.318
0.484
0.284
0.596
0.284
0.562
0.286
0.498
0.306
0.332
0.508
0.292
0.291
0.285
0.285
0.283
0.316
0.283
0.359
0.341
0.370
0.886
0.735
1.076
0.814
1.231
1.917
1.920
2.362
2.311
4.994
3.194
4.135
5.058
6.207
7.213
8.309
8.765
13.968
13.195
14.678
12.003
13.332
13.463
15.280
21.017
18.172
18.381
22.901
29.357
21.941
32.907
34.598
30.936
26.994
28.372
34.724
35.470
34.763
40.127
39.479
40.364
44.222
39.939
44.787
52.502
53.550
50.465
60.578
52.856
61.859
61.052
63.195
67.093
72.318
68.032
84.024
74.830
82.995
88.509
82.927
84.243
80.210
93.831
132.670
103.543
100.419
100.058
98.605
106.889
103.555
111.160
130.117
126.199
124.847
148.968
128.844
122.075
136.240
151.657
177.835
156.419
153.135
156.270
154.533
145.700
181.688
160.248
159.785
167.351
172.153
166.672
183.189
230.349
189.022
189.196
205.936
183.973
191.248
214.158
205.081
193.049
213.951
222.455
220.541
239.704
242.352
230.273
230.772
249.482
255.744
254.934
248.585
238.149
277.689
388.952
290.855
294.381
307.327
349.832
299.805
283.250
297.099
320.808
308.509
318.083
316.440
344.474
317.068
343.510
340.037
380.471
356.426
340.063
334.969
351.654
346.383
400.484
355.086
379.575
394.072
492.519
401.120
385.833
402.003
410.692
405.787
415.869
434.717
432.079
441.777
475.129
408.176
493.044
473.251
444.517
464.365
448.848
469.561
495.962
525.833
479.803
546.089
536.288
529.532
555.123
526.065
533.799
633.882
559.345
515.449
531.111
586.416
605.976
557.371
611.610
610.483
574.049
595.095
588.768
619.400
627.299
679.865
685.271
678.970
661.562
642.357
621.522
670.606
675.564
672.034
650.812
643.366
686.056
715.076
712.641
744.220
759.424
718.919
721.466
743.169
828.597
801.593
761.207
739.549
784.137
812.375
853.247
794.385
825.092
813.261
840.813
851.765
845.121
846.930
817.705
902.388
877.064
877.812
903.598
984.491
982.923
897.578
935.693
916.928
931.433
994.780
913.913
965.286
1033.875
1040.015
1016.853
987.660
981.399
1003.934
1060.531
1045.997
1042.357
1200.718
1158.468
1025.118
1093.023
1087.997
1101.015
1095.682
1036.826
1128.826
1087.948
1115.585
1137.559
1120.122
1172.169
1156.298
1118.010
1108.988
1207.896
1263.781
