Computing time
0.334
0.761
0.553
0.651
0.502
0.527
0.754
1.011
1.218
1.677
1.724
2.060
5.056
3.458
3.700
3.518
4.459
5.902
7.361
8.340
7.895
8.069
8.485
8.166
8.751
14.506
13.209
12.269
15.998
14.499
16.244
15.156
22.141
25.123
31.793
34.466
30.227
29.834
29.614
26.233
36.042
42.347
33.449
40.018
38.689
41.797
43.471
40.315
41.580
46.679
55.251
61.869
83.999
59.886
64.303
67.260
70.150
143.062
69.626
79.947
86.825
95.569
86.273
119.517
129.556
123.115
106.827
98.568
120.879
169.394
182.569
163.363
156.732
188.781
181.760
140.673
134.633
143.662
164.997
161.477
190.696
172.768
190.449
177.840
209.546
233.060
202.403
236.811
266.138
318.559
293.350
212.550
252.606
233.269
261.989
240.884
257.676
236.193
289.660
256.102
251.311
246.701
246.989
288.484
306.403
302.495
282.282
303.819
313.718
303.250
331.975
318.293
330.795
349.941
326.175
332.790
322.747
389.042
397.042
418.629
405.335
380.408
384.137
420.237
430.701
380.851
425.133
389.873
422.356
438.200
428.412
478.526
446.185
465.217
450.113
476.821
477.691
478.305
475.292
483.372
496.368
492.718
509.389
540.941
558.518
564.295
559.146
589.619
598.971
583.695
608.904
581.082
585.700
645.765
611.409
642.475
636.914
649.352
627.182
630.687
657.825
700.014
698.044
679.113
701.883
677.010
751.240
724.188
708.681
722.291
690.714
763.376
808.793
721.511
882.853
800.689
799.584
787.025
751.660
761.970
807.766
799.870
845.071
864.932
804.941
771.921
782.878
777.644
863.247
886.252
890.276
878.377
916.221
884.420
912.479
903.865
898.942
862.207
872.718
926.016
971.972
966.447
985.590
943.316
929.194
909.523
1112.923
991.952
1025.979
947.269
928.837
906.623
959.790
990.354
966.467
997.381
962.877
993.254
1008.640
991.319
1070.158
1095.102
1033.437
1147.755
1333.465
1063.191
1013.184
988.678
1003.090
1027.107
1140.395
1097.055
1072.826
1073.057
1116.298
1254.349
1174.276
1113.983
1113.243
1113.114
1166.257
1209.441
1180.027
1108.079
1089.374
1140.370
1113.164
1180.636
1159.761
1247.428
1180.862
1182.704
1139.014
1186.073
1172.501
1197.565
1201.499
1203.204
1403.357
1235.679
1382.268
1358.278
1313.809
1231.923
1179.368
1268.150
1313.464
1255.144
1258.368
1254.941
1284.804
1257.878
1275.265
1350.150
1395.249
1267.579
1281.726
1303.180
1281.104
1303.874
1304.836
1340.721
1371.368
1417.572
1476.256
1438.734
1393.989
1387.347
1371.974
1323.116
1365.092
1397.351
1359.230
1338.485
1356.574
1348.000
1414.465
1451.058
1385.604
1377.194
1410.385
1411.283
1449.332
1455.017
1416.419
1631.226
1578.677
1462.703
1463.575
1441.237
1484.474
1612.953
1513.544
1483.504
1489.748
1522.428
1582.073
1458.681
1550.813
1492.307
1465.205
1508.160
1476.877
1541.675
1675.578
1611.832
1554.016
1546.602
1510.008
1493.357
1496.580
1489.426
1576.199
1540.493
1524.904
1496.713
1529.576
1563.019
1509.803
1535.304
1574.533
1503.039
1563.829
1552.971
1747.726
1646.895
1573.224
1548.038
1602.466
1605.808
1617.808
1539.008
1557.748
1605.988
1672.045
1606.742
1574.793
1522.908
1523.450
1567.978
1589.591
1608.832
1738.704
1770.377
1680.553
1511.819
1586.446
1629.478
1631.913
1582.919
1571.928
1641.189
1740.896
1650.008
1608.062
1561.449
1633.201
1567.233
1681.962
1614.666
1673.648
1816.207
1713.089
1576.229
1602.192
1671.069
1635.470
1591.635
1598.315
1624.001
1639.018
1623.612
1586.300
1648.386
1622.776
1620.586
1584.431
1594.889
1626.147
1717.863
