Computing time
0.258
0.423
0.487
0.646
0.548
0.438
0.415
0.387
0.586
0.426
0.411
0.465
0.784
0.474
0.479
0.440
0.359
0.446
0.544
0.548
0.387
0.401
0.364
0.416
0.253
0.427
0.430
0.426
0.446
0.458
0.444
0.389
0.282
0.294
0.796
0.365
0.442
0.360
0.299
0.264
0.444
0.453
0.284
0.444
0.450
0.302
0.370
0.542
0.354
0.331
0.289
0.256
0.317
0.484
0.410
0.335
0.377
0.450
0.588
0.255
0.455
0.499
0.431
0.259
0.457
0.420
0.464
0.400
0.439
0.388
0.581
0.473
0.636
0.560
0.508
0.478
0.432
0.384
0.540
0.286
0.443
0.360
0.295
0.665
0.295
0.578
0.311
0.498
0.429
0.527
0.307
0.305
0.360
0.640
0.484
0.512
0.511
0.646
0.495
0.407
0.657
0.287
0.280
0.297
0.279
0.316
0.319
0.279
0.526
0.398
0.291
0.288
0.287
0.556
0.545
0.321
0.289
0.286
0.288
0.308
0.287
0.495
0.336
0.311
0.279
0.278
0.677
0.280
0.299
0.526
0.290
0.287
0.312
0.507
0.287
0.289
0.282
0.278
0.279
0.312
0.280
0.279
0.277
0.277
0.614
0.369
0.537
0.336
0.643
0.413
0.689
1.279
1.164
2.865
2.001
2.840
4.183
5.213
5.195
5.974
8.042
10.351
13.275
13.770
13.089
12.270
12.984
18.371
22.667
17.315
17.123
23.946
26.116
22.468
33.614
27.569
26.927
28.459
32.104
36.285
36.496
38.912
41.837
44.298
47.113
52.618
42.760
46.113
55.268
51.520
51.758
61.744
53.679
68.589
74.342
69.660
70.974
71.510
81.609
81.331
82.455
83.386
101.017
87.403
88.200
84.993
95.861
120.977
101.983
100.701
114.719
99.506
108.750
107.443
122.139
132.685
118.326
129.267
149.495
120.908
134.888
144.230
150.996
195.430
175.793
155.386
157.412
159.713
157.865
183.033
158.988
177.696
173.526
176.383
169.468
178.985
230.777
179.192
185.602
203.332
197.237
211.463
210.228
225.858
201.366
220.905
226.891
231.762
240.752
260.031
248.458
227.197
250.433
264.951
256.797
286.949
252.902
274.215
418.695
266.772
311.905
304.982
348.031
301.975
285.441
320.707
350.402
321.099
325.712
321.780
360.954
332.915
346.365
347.821
398.756
373.146
375.094
386.346
383.707
391.534
392.183
360.178
377.913
420.427
514.433
428.829
430.646
420.850
449.008
423.633
447.284
446.241
447.535
445.016
463.376
433.319
500.589
477.641
467.766
490.979
484.875
498.052
542.455
541.751
523.867
554.447
569.675
550.948
568.078
551.302
568.335
644.511
571.565
595.174
551.355
599.028
629.381
584.768
657.903
607.776
614.145
650.914
618.992
629.488
659.238
709.223
677.617
670.366
678.861
691.840
652.759
681.428
732.297
729.380
708.952
677.790
702.942
727.285
748.318
794.023
791.507
789.123
734.021
758.416
843.272
838.563
802.662
774.532
838.215
827.530
871.399
811.429
846.025
871.974
877.148
877.764
898.869
896.939
858.275
887.807
880.625
891.859
949.224
1052.505
1020.678
918.241
973.390
888.695
967.398
995.141
964.433
964.479
1086.790
1037.991
1041.982
1000.972
1045.276
1065.185
1058.092
1047.230
1091.903
1200.446
1202.488
1066.621
1114.194
1156.651
1115.904
1116.870
1133.920
1129.739
1119.100
1172.485
1172.712
1205.948
1234.358
1230.764
1176.158
1171.029
1225.212
1346.385
