Rendering time
0.002
0.002
0.022
0.001
0.013
0.001
0.012
0.001
0.015
0.001
0.014
0.001
0.011
0.001
0.009
0.001
0.011
0.001
0.007
0.001
0.006
0.001
0.001
0.001
0.001
0.001
0.001
0.001
0.001
0.001
0.001
0.001
0.001
0.001
0.001
0.001
0.001
0.001
0.001
0.001
0.001
0.001
0.001
0.001
0.001
0.001
0.001
0.001
0.001
0.001
0.001
0.001
0.001
0.001
0.001
0.001
0.001
0.001
0.001
0.001
0.001
0.001
0.001
0.001
0.001
0.001
0.001
0.001
0.001
0.001
0.001
0.001
0.001
0.001
0.001
0.001
0.001
0.001
0.001
0.001
0.001
0.001
0.001
0.001
0.001
0.001
0.001
0.001
0.001
0.001
0.001
0.001
0.001
0.001
0.001
0.001
0.001
0.001
0.001
0.001
0.001
0.001
0.001
0.001
0.001
0.001
0.001
0.001
0.001
0.001
0.001
0.001
0.001
0.001
0.001
0.001
0.001
0.001
0.001
0.001
0.001
0.001
0.001
0.001
0.001
0.001
0.001
0.001
0.001
0.001
0.001
0.001
0.001
0.001
0.001
0.001
0.001
0.001
0.001
0.001
0.001
0.001
0.001
0.001
0.001
0.001
0.001
0.002
0.001
0.001
0.001
0.001
0.001
0.001
0.001
0.001
0.001
0.001
0.001
0.001
0.001
0.001
0.001
0.001
0.001
0.001
0.001
0.001
0.001
0.001
0.001
0.001
0.001
0.001
0.001
0.001
0.001
0.001
0.001
0.001
0.001
0.003
0.001
0.001
0.001
0.003
0.001
0.003
0.001
0.003
0.001
0.003
0.001
0.003
0.001
0.003
0.001
0.003
0.001
0.003
0.001
0.003
0.001
0.003
0.001
0.003
0.001
0.003
0.001
0.003
0.001
0.003
0.001
0.003
0.001
0.003
0.001
0.003
0.001
0.003
0.001
0.003
0.001
0.003
0.001
0.003
0.001
0.003
0.001
0.003
0.001
0.003
0.001
0.003
0.001
0.003
0.001
0.003
0.001
0.003
0.001
0.003
0.001
0.003
0.001
0.003
0.001
0.003
0.001
0.003
