Rendering time
0.002074
0.002148
0.002140
0.002551
0.000893
0.001497
0.001490
0.008751
0.001497
0.008951
0.001204
0.009003
0.000978
0.004796
0.001088
0.001337
0.002123
0.001060
0.001306
0.001323
0.001090
0.001331
0.000888
0.001012
0.001170
0.000870
0.000930
0.001024
0.001016
0.000844
0.001110
0.000935
0.001145
0.000846
0.001136
0.001136
0.000984
0.001053
0.000831
0.000948
0.000951
0.000865
0.000846
0.000830
0.000944
0.000896
0.000892
0.000834
0.001122
0.000867
0.001053
0.001048
0.000972
0.000860
0.001094
0.000893
0.000868
0.000924
0.000904
0.000876
0.000858
0.000850
0.001135
0.001246
0.000849
0.001000
0.001122
0.001009
0.000979
0.001085
0.000972
0.000959
0.000981
0.001054
0.000984
0.001125
0.001162
0.001088
0.001114
0.001095
0.001087
0.001094
0.001104
0.001163
0.001108
0.001099
0.001090
0.001106
0.001119
0.001069
0.001082
0.000988
0.001024
0.001042
0.001035
0.001013
0.001021
0.001089
0.001032
0.000982
