Rendering time
0.001595
0.001487
0.001128
0.002540
0.001334
0.001268
0.001165
0.009318
0.001452
0.005685
0.001062
0.006322
0.001315
0.000957
0.000885
0.006815
0.001088
0.000907
0.001147
0.001034
0.000860
0.001025
0.000859
0.000881
0.000975
0.000845
0.001216
0.000822
0.001084
0.000936
0.000850
0.001445
0.001224
0.001136
0.001226
0.000908
0.000870
0.001289
0.001121
0.001271
0.001274
0.000957
0.000981
0.001147
0.001501
0.000863
0.001512
0.001020
0.000835
0.000841
0.000860
0.000883
0.000842
0.001048
0.000830
0.001042
0.001310
0.000895
0.000949
0.001377
0.001081
0.001155
0.000930
0.000905
0.001337
0.001042
0.001030
0.000915
0.000815
0.000852
0.001280
0.000927
0.000900
0.000916
0.001033
0.001150
0.000938
0.000827
0.000862
0.000852
0.000915
0.000853
0.000865
0.000847
0.000907
0.001172
0.000891
0.000901
0.000876
0.001270
0.000912
0.001354
0.000892
0.000862
0.000935
0.001021
0.000925
0.000911
0.000893
0.000940
