Rendering time
0.002
0.002
0.002
0.003
0.002
0.012
0.002
0.003
0.003
0.003
0.011
0.002
0.009
0.001
0.006
0.001
0.006
0.001
0.004
0.001
0.001
0.001
0.001
0.001
0.001
0.001
0.001
0.001
0.001
0.001
0.001
0.001
0.001
0.001
0.001
0.001
0.001
0.001
0.001
0.001
0.001
0.001
0.001
0.001
0.001
0.001
0.001
0.002
0.001
0.001
0.001
0.001
0.001
0.001
0.001
0.001
0.001
0.001
0.001
0.001
0.001
0.001
0.001
0.001
0.001
0.001
0.001
0.001
0.001
0.001
0.001
0.001
0.001
0.002
0.001
0.002
0.001
0.001
0.001
0.001
0.001
0.001
0.001
0.002
0.001
0.001
0.001
0.001
0.001
0.001
0.001
0.001
0.001
0.001
0.001
0.001
0.002
0.001
0.001
0.001
0.001
0.001
0.002
0.001
0.001
0.001
0.001
0.001
0.001
0.001
0.001
0.002
0.001
0.001
0.001
0.001
0.002
0.001
0.001
0.001
0.001
0.001
0.001
0.001
0.001
0.001
0.001
0.001
0.001
0.001
0.002
0.001
0.001
0.002
0.001
0.001
0.001
0.002
0.001
0.001
0.001
0.001
0.001
0.002
0.001
0.001
0.001
0.002
0.001
0.001
0.001
0.001
0.001
0.001
0.001
0.001
0.002
0.001
0.001
0.001
0.002
0.001
0.001
0.001
0.001
0.001
0.001
0.001
0.001
0.001
0.001
0.001
0.002
0.001
0.001
0.001
0.001
0.001
0.001
0.001
0.001
0.001
0.001
0.001
0.001
0.001
0.001
0.001
0.001
0.001
0.001
0.002
0.001
0.001
0.001
0.001
0.001
0.003
0.001
0.003
0.001
0.003
0.001
0.002
0.001
0.003
0.002
0.003
0.001
0.003
0.002
0.003
0.001
0.003
0.001
0.003
0.001
0.003
0.002
0.003
0.002
0.003
0.001
0.003
0.001
0.003
0.001
0.003
0.001
0.003
0.001
0.003
0.001
0.003
0.001
0.003
0.001
0.003
0.002
0.003
0.001
0.003
0.001
0.003
0.001
0.003
0.001
0.003
0.001
0.003
0.001
0.003
0.001
0.003
0.001
0.003
0.001
0.003
0.001
0.003
0.001
0.003
0.001
0.003
0.001
0.003
0.001
0.003
0.001
0.003
0.001
0.003
0.001
0.003
0.002
0.003
0.001
0.003
0.001
0.003
0.001
0.003
0.001
0.003
0.002
0.003
0.001
0.003
0.001
0.003
0.001
0.003
0.001
0.003
0.001
0.003
0.001
0.003
0.002
0.003
0.001
0.003
0.001
0.003
0.001
0.003
0.001
0.003
0.001
0.003
0.001
0.003
0.001
0.003
0.002
0.003
0.001
0.003
0.001
0.003
0.001
0.003
0.001
0.003
0.001
0.003
0.001
0.003
0.001
0.003
0.001
0.003
0.001
0.003
0.001
0.003
0.002
0.003
0.001
0.003
0.001
0.004
0.001
0.003
0.001
0.003
0.002
0.003
0.001
0.003
0.001
0.004
0.001
0.003
0.001
0.003
0.002
0.003
0.001
0.003
0.001
0.003
0.001
0.004
0.001
0.003
0.001
0.003
0.001
0.003
0.001
0.003
0.001
0.003
0.001
0.003
0.001
0.004
0.002
0.003
0.001
0.003
0.001
0.003
0.001
0.004
0.001
0.003
0.001
0.003
0.001
0.003
0.001
0.003
0.002
0.004
0.002
0.003
0.001
0.003
