Rendering time
0.008
0.002
0.001
0.002
0.002
0.001
0.001
0.009
0.001
0.011
0.001
0.009
0.001
0.017
0.001
0.001
0.001
0.001
0.001
0.001
0.001
0.001
0.001
0.001
0.001
0.001
0.001
0.001
0.001
0.001
0.001
0.001
0.001
0.001
0.001
0.001
0.001
0.001
0.001
0.001
0.001
0.001
0.001
0.001
0.001
0.001
0.001
0.001
0.001
0.001
0.001
0.001
0.001
0.001
0.001
0.001
0.001
0.213
0.001
0.001
0.001
0.001
0.001
0.001
0.001
0.001
0.001
0.001
0.001
0.001
0.001
0.001
0.001
0.001
0.001
0.001
0.001
0.001
0.001
0.001
0.001
0.001
0.001
0.002
0.002
0.002
0.002
0.001
0.001
0.001
0.001
0.001
0.001
0.001
0.001
0.001
0.001
0.001
0.001
0.001
0.001
0.001
0.001
0.001
0.001
0.001
0.002
0.001
0.001
0.001
0.001
0.001
0.001
0.001
0.002
0.001
0.002
0.001
0.001
0.002
0.001
0.001
0.001
0.001
0.001
0.001
0.002
0.001
0.001
0.001
0.002
0.001
0.001
0.001
0.002
0.001
0.001
0.001
0.001
0.001
0.001
0.001
0.001
0.001
0.002
0.001
0.001
0.001
0.001
0.001
0.001
0.001
0.001
0.001
0.001
0.001
0.001
0.001
0.001
0.001
0.001
0.001
0.001
0.001
0.001
0.001
0.001
0.001
0.001
0.001
0.002
0.001
0.001
0.001
0.001
0.001
0.001
0.001
0.001
0.001
0.001
0.001
0.001
0.001
0.001
0.001
0.001
0.001
0.001
0.001
0.001
0.002
0.001
0.001
0.001
0.001
0.001
0.001
0.001
0.001
0.003
0.001
0.003
0.001
0.001
0.001
0.003
0.003
0.003
0.001
0.003
0.001
0.003
0.001
0.003
0.001
0.003
0.001
0.003
0.001
0.003
0.001
0.003
0.001
0.003
0.001
0.003
0.001
0.003
0.001
0.003
0.001
0.003
0.001
0.003
0.001
0.003
0.001
0.003
0.001
0.003
0.001
0.003
0.001
0.003
0.001
0.003
0.001
0.003
0.001
